30
10 -7 0 1 2 3 5 11 55 9 33 22 55 1 2 5 8 9 6 4 12 5 2 3 21 1 15 26 79 
-3 6 2 6 9 7 5 3 2 1 0 4 5 8 6 4 9 7 8 5 22 55 4 6 3 22 10 13 29 30 
5 -1 5 -1 5 -1 5 -1 5 -1 5 -1 5 -1 5 -1 5 -1 5 -1 5 -1 5 -1 5 -1 5 5 -1 5
10 -7 0 1 2 3 5 11 55 9 33 22 55 1 2 5 8 9 6 4 12 5 2 3 21 1 15 26 79 
-3 6 2 6 9 7 5 3 2 1 0 4 5 8 6 4 9 7 8 5 22 55 4 6 3 22 10 13 29 30 
5 -1 5 -1 5 -1 5 -1 5 -1 5 -1 5 -1 5 -1 5 -1 5 -1 5 -1 5 -1 5 -1 5 5 -1 5
10 -7 0 1 2 3 5 11 55 9 33 22 55 1 2 5 8 9 6 4 12 5 2 3 21 1 15 26 79 
-3 6 2 6 9 7 5 3 2 1 0 4 5 8 6 4 9 7 8 5 22 55 4 6 3 22 10 13 29 30 
5 -1 5 -1 5 -1 5 -1 5 -1 5 -1 5 -1 5 -1 5 -1 5 -1 5 -1 5 -1 5 -1 5 5 -1 5
10 -7 0 1 2 3 5 11 55 9 33 22 55 1 2 5 8 9 6 4 12 5 2 3 21 1 15 26 79 
-3 6 2 6 9 7 5 3 2 1 0 4 5 8 6 4 9 7 8 5 22 55 4 6 3 22 10 13 29 30 
5 -1 5 -1 5 -1 5 -1 5 -1 5 -1 5 -1 5 -1 5 -1 5 -1 5 -1 5 -1 5 -1 5 5 -1 5
10 -7 0 1 2 3 5 11 55 9 33 22 55 1 2 5 8 9 6 4 12 5 2 3 21 1 15 26 79 
-3 6 2 6 9 7 5 3 2 1 0 4 5 8 6 4 9 7 8 5 22 55 4 6 3 22 10 13 29 30 
5 -1 5 -1 5 -1 5 -1 5 -1 5 -1 5 -1 5 -1 5 -1 5 -1 5 -1 5 -1 5 -1 5 5 -1 5
10 -7 0 1 2 3 5 11 55 9 33 22 55 1 2 5 8 9 6 4 12 5 2 3 21 1 15 26 79 
-3 6 2 6 9 7 5 3 2 1 0 4 5 8 6 4 9 7 8 5 22 55 4 6 3 22 10 13 29 30 
5 -1 5 -1 5 -1 5 -1 5 -1 5 -1 5 -1 5 -1 5 -1 5 -1 5 -1 5 -1 5 -1 5 5 -1 5
10 -7 0 1 2 3 5 11 55 9 33 22 55 1 2 5 8 9 6 4 12 5 2 3 21 1 15 26 79 
-3 6 2 6 9 7 5 3 2 1 0 4 5 8 6 4 9 7 8 5 22 55 4 6 3 22 10 13 29 30 
5 -1 5 -1 5 -1 5 -1 5 -1 5 -1 5 -1 5 -1 5 -1 5 -1 5 -1 5 -1 5 -1 5 5 -1 5
10 -7 0 1 2 3 5 11 55 9 33 22 55 1 2 5 8 9 6 4 12 5 2 3 21 1 15 26 79 
-3 6 2 6 9 7 5 3 2 1 0 4 5 8 6 4 9 7 8 5 22 55 4 6 3 22 10 13 29 30 
5 -1 5 -1 5 -1 5 -1 5 -1 5 -1 5 -1 5 -1 5 -1 5 -1 5 -1 5 -1 5 -1 5 5 -1 5
10 -7 0 1 2 3 5 11 55 9 33 22 55 1 2 5 8 9 6 4 12 5 2 3 21 1 15 26 79 
-3 6 2 6 9 7 5 3 2 1 0 4 5 8 6 4 9 7 8 5 22 55 4 6 3 22 10 13 29 30 
5 -1 5 -1 5 -1 5 -1 5 -1 5 -1 5 -1 5 -1 5 -1 5 -1 5 -1 5 -1 50 -1 15 50 -1 51
10 -7 0 1 2 3 5 11 55 9 33 22 55 1 2 5 8 9 6 4 12 5 2 3 21 1 15 26 79 
-3 6 2 6 9 7 5 3 2 1 0 4 5 8 6 4 9 7 8 5 22 55 4 6 3 22 10 13 29 30 
5 -1 5 -1 5 -1 5 -1 5 -1 5 -1 5 -1 5 -1 5 -1 5 -1 5 -1 5 -1 5 -1 5 5 -1 5
2 1 2 1 2 1 1 2 1 2 1 2 1 2 1 2 1 2 1 2 1 2 1 2 1 2 1 2 1 2 
1 0 1 0 1 0 1 0 1 0 1 0 1 0 1 0 1 0 1 0 1 0 1 0 1 0 1 101 1 20
